0,000	37,236
1,000	37,136
2,000	38,809
3,000	40,764
4,000	42,382
5,000	44,518
6,000	45,309
7,000	46,300
8,000	46,536
9,000	47,036
10,000	44,973
11,000	43,836
12,000	42,755
13,000	40,773
14,000	38,745
15,000	37,882
16,000	36,536
17,000	35,355
18,000	34,064
19,000	33,418
20,000	32,518
21,000	30,900
22,000	29,936
23,000	30,073
24,000	30,891
25,000	32,591
26,000	33,664
27,000	34,427
28,000	34,464
29,000	36,009
30,000	39,227
31,000	41,273
32,000	43,964
33,000	44,164
34,000	43,055
35,000	42,991
36,000	42,382
37,000	42,145
38,000	39,455
39,000	37,609
40,000	35,245
41,000	32,127
42,000	30,655
43,000	29,409
44,000	30,618
45,000	30,773
46,000	31,055
47,000	32,891
48,000	34,718
49,000	35,755
50,000	36,573
51,000	38,436
52,000	40,118
53,000	41,691
54,000	42,518
55,000	43,545
56,000	45,191
57,000	46,100
58,000	46,064
59,000	45,045
60,000	43,891
61,000	41,555
62,000	39,436
63,000	38,100
64,000	36,927
65,000	35,536
66,000	33,982
67,000	32,927
68,000	32,327
69,000	32,082
70,000	31,055
71,000	31,136
72,000	31,436
73,000	32,855
74,000	34,609
75,000	36,736
76,000	39,755
77,000	42,918
78,000	45,673
79,000	46,591
80,000	47,345
81,000	48,336
82,000	49,218
83,000	49,755
84,000	49,609
85,000	49,600
86,000	47,418
87,000	44,964
88,000	42,273
89,000	41,291
90,000	39,055
91,000	37,391
92,000	35,318
93,000	32,827
94,000	30,473
95,000	30,409
96,000	31,127
97,000	31,545
98,000	33,973
99,000	36,445
100,000	39,173
101,000	39,964
102,000	41,436
103,000	43,391
104,000	44,000
105,000	44,809
106,000	45,855
107,000	47,109
108,000	48,482
109,000	48,491
110,000	48,409
111,000	47,355
112,000	45,918
113,000	42,891
114,000	39,464
115,000	37,209
116,000	34,673
117,000	32,673
118,000	31,136
119,000	29,564
120,000	28,955
121,000	27,918
122,000	29,136
123,000	31,036
124,000	32,864
125,000	35,127
126,000	37,391
127,000	39,918
128,000	42,955
129,000	44,682
130,000	47,400
131,000	48,445
132,000	47,900
133,000	47,736
134,000	46,300
135,000	44,882
136,000	43,182
137,000	41,255
138,000	38,964
139,000	38,200
140,000	37,364
141,000	36,073
142,000	34,173
143,000	32,618
144,000	31,582
145,000	29,464
146,000	28,345
147,000	29,027
148,000	30,173
149,000	32,891
150,000	35,736
151,000	38,136
152,000	39,864
153,000	42,282
154,000	44,564
155,000	46,555
156,000	48,073
157,000	48,991
158,000	50,936
159,000	51,791
160,000	50,991
161,000	49,127
162,000	46,282
163,000	43,036
164,000	40,336
165,000	37,764
166,000	34,982
167,000	32,664
168,000	30,600
169,000	28,382
170,000	26,745
171,000	26,300
172,000	27,473
173,000	28,009
174,000	30,173
175,000	33,055
176,000	36,082
177,000	39,464
178,000	43,136
179,000	47,309
180,000	52,164
181,000	54,309
182,000	56,073
183,000	56,736
184,000	55,882
185,000	56,318
186,000	56,073
187,000	52,945
188,000	47,636
189,000	42,218
190,000	38,036
191,000	33,491
192,000	30,427
193,000	28,073
194,000	26,418
195,000	24,927
196,000	24,927
197,000	24,927
198,000	27,445
199,000	29,736
200,000	33,245
201,000	37,118
202,000	40,282
203,000	43,427
204,000	46,145
205,000	49,218
206,000	52,209
207,000	55,400
208,000	56,545
209,000	56,836
210,000	56,518
211,000	54,873
212,000	52,136
213,000	49,655
214,000	46,355
215,000	43,000
216,000	40,700
217,000	38,109
218,000	34,455
219,000	31,155
220,000	28,264
221,000	26,573
222,000	25,845
223,000	27,245
224,000	30,127
225,000	33,145
226,000	36,818
227,000	41,427
228,000	46,018
229,000	49,273
230,000	51,909
231,000	54,591
232,000	56,591
233,000	56,227
234,000	57,145
235,000	60,364
236,000	61,755
237,000	60,700
238,000	58,091
239,000	54,827
240,000	50,473
241,000	45,000
242,000	39,436
243,000	34,809
244,000	30,936
245,000	27,836
246,000	24,218
247,000	22,591
248,000	21,918
249,000	22,518
250,000	24,909
251,000	28,600
252,000	36,509
253,000	42,473
254,000	48,645
255,000	54,591
256,000	62,245
257,000	64,073
258,000	65,336
259,000	66,282
260,000	66,064
261,000	65,482
262,000	65,864
263,000	64,791
264,000	63,482
265,000	59,555
266,000	53,382
267,000	48,136
268,000	43,145
269,000	38,255
270,000	34,155
271,000	31,018
272,000	29,264
273,000	27,255
274,000	26,109
275,000	27,909
276,000	30,064
277,000	33,082
278,000	37,745
279,000	42,982
280,000	49,255
281,000	55,091
282,000	60,164
283,000	63,745
284,000	66,155
285,000	66,573
286,000	66,409
287,000	66,627
288,000	66,182
289,000	64,800
290,000	61,536
291,000	57,673
292,000	51,018
293,000	44,836
294,000	39,864
295,000	35,191
296,000	31,255
297,000	27,891
298,000	25,627
299,000	24,836
300,000	26,545
301,000	29,927
302,000	35,518
303,000	41,418
304,000	50,155
305,000	56,455
306,000	62,064
307,000	66,127
308,000	70,509
309,000	75,964
310,000	82,109
311,000	84,882
312,000	83,091
313,000	80,109
314,000	76,473
315,000	74,973
316,000	71,364
317,000	67,255
318,000	61,691
319,000	56,327
320,000	49,991
321,000	43,227
322,000	36,664
323,000	31,582
324,000	28,973
325,000	28,673
326,000	31,955
327,000	36,509
328,000	41,845
329,000	48,145
330,000	55,018
331,000	60,900
332,000	70,127
333,000	78,973
334,000	87,445
335,000	90,618
336,000	93,555
337,000	94,591
338,000	94,400
339,000	93,391
340,000	88,945
341,000	85,827
342,000	79,745
343,000	75,027
344,000	67,845
345,000	61,182
346,000	49,855
347,000	43,355
348,000	39,091
349,000	35,855
350,000	34,400
351,000	33,227
352,000	36,255
353,000	38,791
354,000	43,691
355,000	48,864
356,000	55,273
357,000	62,118
358,000	73,945
359,000	81,918
360,000	95,300
361,000	102,409
362,000	105,555
363,000	105,764
364,000	105,564
365,000	105,009
366,000	103,509
367,000	101,336
368,000	93,545
369,000	87,718
370,000	77,573
371,000	70,709
372,000	61,900
373,000	53,082
374,000	44,836
375,000	39,036
376,000	35,873
377,000	36,473
378,000	39,900
379,000	44,373
380,000	51,673
381,000	60,518
382,000	72,473
383,000	79,091
384,000	87,409
385,000	91,291
386,000	101,782
387,000	107,364
388,000	113,982
389,000	117,155
390,000	120,909
391,000	121,873
392,000	120,645
393,000	119,055
394,000	113,018
395,000	105,527
396,000	90,009
397,000	81,173
398,000	69,664
399,000	62,591
400,000	55,455
401,000	50,936
402,000	47,545
403,000	46,455
404,000	49,527
405,000	54,327
406,000	62,691
407,000	72,636
408,000	85,564
409,000	97,936
410,000	119,864
411,000	128,436
412,000	138,591
413,000	144,073
414,000	147,818
415,000	149,982
416,000	151,782
417,000	151,182
418,000	150,182
419,000	147,945
420,000	142,864
421,000	138,327
422,000	129,055
423,000	119,564
424,000	90,773
425,000	84,718
426,000	77,909
427,000	72,836
428,000	69,527
429,000	67,800
430,000	69,791
431,000	73,545
432,000	82,091
433,000	90,045
434,000	108,809
435,000	121,436
436,000	145,073
437,000	156,127
438,000	173,391
439,000	181,291
440,000	183,673
441,000	183,045
442,000	184,518
443,000	185,700
444,000	188,627
445,000	186,400
446,000	179,873
447,000	172,000
448,000	151,364
449,000	142,609
450,000	125,564
451,000	115,018
452,000	95,536
453,000	87,136
454,000	81,055
455,000	80,673
456,000	85,400
457,000	91,791
458,000	111,318
459,000	124,364
460,000	141,255
461,000	144,955
462,000	162,645
463,000	172,655
464,000	187,345
465,000	192,218
466,000	201,245
467,000	205,645
468,000	209,455
469,000	209,945
470,000	209,009
471,000	205,373
472,000	195,727
473,000	187,045
474,000	170,045
475,000	159,882
476,000	139,445
477,000	132,609
478,000	121,982
479,000	111,655
480,000	98,218
481,000	97,445
482,000	102,500
483,000	108,818
484,000	121,918
485,000	137,945
486,000	171,945
487,000	187,355
488,000	213,445
489,000	222,627
490,000	233,000
491,000	236,882
492,000	242,545
493,000	244,055
494,000	245,882
495,000	245,518
496,000	245,364
497,000	245,173
498,000	242,727
499,000	239,582
500,000	220,055
501,000	205,900
502,000	179,373
503,000	168,927
504,000	145,118
505,000	118,900
506,000	102,082
507,000	102,082
508,000	117,291
509,000	125,418
510,000	154,891
511,000	175,200
512,000	212,100
513,000	225,509
514,000	240,427
515,000	246,073
516,000	250,582
517,000	251,900
518,000	253,555
519,000	253,991
520,000	254,155
521,000	253,964
522,000	253,391
523,000	253,009
524,000	251,627
525,000	250,927
526,000	248,055
527,000	246,045
528,000	238,055
529,000	232,809
530,000	196,736
531,000	165,991
532,000	143,200
533,000	138,445
534,000	149,682
535,000	158,382
536,000	190,945
537,000	209,082
538,000	240,055
539,000	248,582
540,000	253,855
541,000	253,945
542,000	254,000
543,000	254,000
544,000	254,000
545,000	254,000
546,000	254,000
547,000	254,000
548,000	254,000
549,000	254,000
550,000	254,000
551,000	254,000
552,000	253,864
553,000	253,836
554,000	252,509
555,000	251,555
556,000	249,100
557,000	246,745
558,000	244,418
559,000	243,955
560,000	244,300
561,000	247,345
562,000	251,336
563,000	252,255
564,000	253,891
565,000	253,955
566,000	254,000
567,000	254,000
568,000	254,000
569,000	254,000
570,000	254,000
571,000	254,000
572,000	254,000
573,000	254,000
574,000	254,000
575,000	254,000
576,000	254,000
577,000	254,000
578,000	254,000
579,000	254,000
580,000	254,000
581,000	254,000
582,000	254,000
583,000	254,000
584,000	254,000
585,000	254,000
586,000	254,000
587,000	254,000
588,000	254,000
589,000	254,000
590,000	254,000
591,000	254,000
592,000	253,991
593,000	253,800
594,000	253,736
595,000	252,727
596,000	219,582
597,000	202,700
598,000	192,264
599,000	188,691
600,000	192,718
601,000	192,255
602,000	212,573
603,000	227,445
604,000	234,855
605,000	233,791
606,000	218,191
607,000	201,482
608,000	179,800
609,000	175,309
610,000	173,982
611,000	171,745
612,000	184,891
613,000	196,827
614,000	226,282
615,000	239,982
616,000	252,218
617,000	252,464
618,000	253,682
619,000	253,864
620,000	254,000
621,000	254,000
622,000	254,000
623,000	254,000
624,000	254,000
625,000	254,000
626,000	254,000
627,000	254,000
628,000	254,000
629,000	254,000
630,000	254,000
631,000	254,000
632,000	254,000
633,000	254,000
634,000	254,000
635,000	254,000
636,000	254,000
637,000	254,000
638,000	254,000
639,000	254,000
640,000	254,000
641,000	254,000
642,000	254,000
643,000	254,000
644,000	254,000
645,000	254,000
646,000	254,000
647,000	254,000
648,000	254,000
649,000	254,000
650,000	254,000
651,000	254,000
652,000	254,000
653,000	254,000
654,000	254,000
655,000	254,000
656,000	254,000
657,000	254,000
658,000	252,809
659,000	252,718
660,000	249,045
661,000	247,536
662,000	238,073
663,000	225,773
664,000	209,391
665,000	211,136
666,000	230,827
667,000	241,164
668,000	249,891
669,000	250,955
670,000	253,564
671,000	253,700
672,000	254,000
673,000	254,000
674,000	253,991
675,000	253,909
676,000	253,991
677,000	254,000
678,000	254,000
679,000	254,000
680,000	253,736
681,000	253,545
682,000	251,709
683,000	251,091
684,000	247,236
685,000	245,645
686,000	233,109
687,000	220,373
688,000	178,582
689,000	147,991
690,000	130,755
691,000	129,900
692,000	149,691
693,000	173,164
694,000	205,109
695,000	213,373
696,000	234,591
697,000	240,573
698,000	249,255
699,000	250,082
700,000	252,036
701,000	252,109
702,000	251,818
703,000	251,445
704,000	249,991
705,000	248,809
706,000	244,973
707,000	243,164
708,000	241,045
709,000	240,427
710,000	228,518
711,000	219,018
712,000	182,364
713,000	151,382
714,000	117,700
715,000	106,018
716,000	100,827
717,000	99,900
718,000	117,836
719,000	131,282
720,000	150,436
721,000	163,436
722,000	186,509
723,000	195,736
724,000	220,800
725,000	229,009
726,000	235,082
727,000	236,773
728,000	238,709
729,000	237,455
730,000	235,700
731,000	236,445
732,000	236,445
733,000	235,536
734,000	226,227
735,000	215,173
736,000	190,100
737,000	172,000
738,000	140,018
739,000	119,809
740,000	92,336
741,000	71,691
742,000	63,873
743,000	63,645
744,000	70,909
745,000	82,682
746,000	106,373
747,000	121,791
748,000	161,882
749,000	177,809
750,000	193,691
751,000	200,018
752,000	211,918
753,000	217,855
754,000	223,327
755,000	223,991
756,000	222,773
757,000	220,309
758,000	211,645
759,000	206,709
760,000	192,709
761,000	178,400
762,000	141,845
763,000	117,845
764,000	95,773
765,000	85,300
766,000	68,136
767,000	53,582
768,000	45,100
769,000	43,827
770,000	47,573
771,000	57,409
772,000	79,773
773,000	89,445
774,000	105,436
775,000	122,464
776,000	141,427
777,000	148,145
778,000	160,536
779,000	167,491
780,000	172,655
781,000	171,536
782,000	169,655
783,000	166,555
784,000	163,918
785,000	163,827
786,000	156,727
787,000	147,027
788,000	118,782
789,000	100,936
790,000	73,118
791,000	64,318
792,000	53,018
793,000	42,600
794,000	39,791
795,000	41,045
796,000	49,400
797,000	56,964
798,000	70,864
799,000	83,673
800,000	100,200
801,000	109,500
802,000	120,200
803,000	125,891
804,000	142,345
805,000	149,736
806,000	152,118
807,000	150,782
808,000	144,782
809,000	141,518
810,000	134,709
811,000	130,145
812,000	124,082
813,000	118,573
814,000	105,736
815,000	94,391
816,000	71,182
817,000	54,000
818,000	41,191
819,000	32,045
820,000	25,155
821,000	24,500
822,000	28,855
823,000	39,873
824,000	49,618
825,000	58,555
826,000	76,282
827,000	85,800
828,000	103,627
829,000	110,682
830,000	118,436
831,000	121,255
832,000	123,182
833,000	123,009
834,000	121,645
835,000	121,109
836,000	117,991
837,000	113,645
838,000	103,782
839,000	96,891
840,000	86,609
841,000	77,236
842,000	65,027
843,000	53,964
844,000	39,509
845,000	27,445
846,000	21,382
847,000	19,718
848,000	21,209
849,000	27,364
850,000	38,273
851,000	53,309
852,000	67,864
853,000	72,464
854,000	81,182
855,000	88,127
856,000	103,518
857,000	109,755
858,000	113,773
859,000	112,845
860,000	109,645
861,000	108,518
862,000	105,709
863,000	102,182
864,000	96,709
865,000	87,536
866,000	69,845
867,000	59,118
868,000	41,509
869,000	27,755
870,000	20,118
871,000	14,027
872,000	10,927
873,000	10,600
874,000	13,673
875,000	20,745
876,000	28,527
877,000	37,109
878,000	47,882
879,000	61,245
880,000	77,527
881,000	83,191
882,000	87,091
883,000	88,136
884,000	86,755
885,000	84,818
886,000	82,864
887,000	81,364
888,000	79,973
889,000	78,145
890,000	73,473
891,000	69,409
892,000	60,282
893,000	47,082
894,000	36,527
895,000	24,982
896,000	17,691
897,000	13,018
898,000	10,827
899,000	9,845
900,000	9,464
901,000	12,318
902,000	17,182
903,000	26,318
904,000	38,264
905,000	47,409
906,000	58,300
907,000	63,136
908,000	67,500
909,000	69,282
910,000	70,900
911,000	73,327
912,000	73,682
913,000	71,145
914,000	66,355
915,000	58,436
916,000	50,155
917,000	42,600
918,000	33,755
919,000	25,418
920,000	19,364
921,000	12,827
922,000	8,509
923,000	5,691
924,000	4,218
925,000	4,291
926,000	5,755
927,000	11,218
928,000	17,464
929,000	23,864
930,000	29,955
931,000	36,073
932,000	43,727
933,000	49,745
934,000	53,827
935,000	56,436
936,000	57,482
937,000	56,136
938,000	55,082
939,000	53,945
940,000	51,718
941,000	49,345
942,000	44,518
943,000	39,064
944,000	31,127
945,000	21,618
946,000	14,409
947,000	7,845
948,000	4,091
949,000	2,064
950,000	2,073
951,000	3,345
952,000	4,391
953,000	7,145
954,000	10,745
955,000	17,982
956,000	26,273
957,000	33,827
958,000	40,891
959,000	44,927
960,000	47,655
961,000	47,900
962,000	47,364
963,000	47,055
964,000	46,827
965,000	45,045
966,000	41,745
967,000	36,155
968,000	33,273
969,000	27,091
970,000	19,964
971,000	12,073
972,000	6,964
973,000	2,955
974,000	1,609
975,000	1,309
976,000	1,718
977,000	3,482
978,000	5,273
979,000	9,691
980,000	15,036
981,000	21,100
982,000	27,082
983,000	32,927
984,000	38,209
985,000	40,927
986,000	41,900
987,000	40,655
988,000	39,091
989,000	39,755
990,000	39,945
991,000	38,573
992,000	36,573
993,000	30,473
994,000	22,936
995,000	15,236
996,000	10,018
997,000	5,900
998,000	3,236
999,000	1,518
1000,000	0,982
1001,000	0,709
1002,000	0,900
1003,000	1,700
1004,000	3,073
1005,000	6,255
1006,000	10,818
1007,000	18,345
1008,000	26,427
1009,000	29,782
1010,000	32,055
1011,000	34,545
1012,000	37,873
1013,000	40,409
1014,000	41,109
1015,000	38,082
1016,000	34,055
1017,000	29,973
1018,000	26,264
1019,000	21,691
1020,000	18,400
1021,000	13,800
1022,000	10,245
1023,000	5,364
1024,000	3,009
1025,000	1,445
1026,000	0,800
1027,000	0,782
1028,000	0,982
1029,000	2,100
1030,000	3,918
1031,000	6,491
1032,000	9,500
1033,000	13,445
1034,000	17,427
1035,000	21,155
1036,000	24,255
1037,000	26,836
1038,000	28,845
1039,000	29,845
1040,000	27,855
1041,000	23,127
1042,000	20,427
1043,000	19,282
1044,000	18,964
1045,000	17,200
1046,000	14,209
1047,000	9,055
1048,000	5,218
1049,000	2,418
1050,000	1,182
1051,000	0,618
1052,000	0,455
1053,000	0,564
1054,000	0,764
1055,000	1,618
1056,000	3,427
1057,000	7,109
1058,000	11,318
1059,000	15,555
1060,000	18,345
1061,000	21,336
1062,000	24,382
1063,000	24,773
1064,000	24,073
1065,000	22,345
1066,000	21,200
1067,000	19,055
1068,000	16,955
1069,000	12,873
1070,000	11,836
1071,000	9,327
1072,000	6,718
1073,000	3,755
1074,000	1,409
1075,000	0,264
1076,000	0,100
1077,000	0,009
1078,000	0,064
1079,000	0,364
1080,000	0,909
1081,000	2,636
1082,000	4,082
1083,000	6,545
1084,000	8,682
1085,000	11,018
1086,000	12,909
1087,000	16,018
1088,000	19,091
1089,000	21,173
1090,000	23,027
1091,000	23,027
1092,000	23,518
1093,000	21,209
1094,000	18,445
1095,000	14,509
1096,000	10,173
1097,000	5,664
1098,000	2,482
1099,000	0,500
1100,000	0,100
1101,000	0,055
1102,000	0,000
1103,000	0,000
1104,000	0,000
1105,000	0,209
1106,000	1,018
1107,000	1,673
1108,000	3,018
1109,000	4,655
1110,000	7,491
1111,000	10,655
1112,000	12,909
1113,000	16,091
1114,000	17,836
1115,000	16,845
1116,000	15,645
1117,000	14,500
1118,000	12,036
1119,000	9,955
1120,000	7,818
1121,000	5,418
1122,000	2,936
1123,000	1,327
1124,000	0,627
1125,000	0,091
1126,000	0,036
1127,000	0,000
1128,000	0,000
1129,000	0,018
1130,000	0,136
1131,000	0,355
1132,000	1,164
1133,000	2,455
1134,000	4,936
1135,000	7,336
1136,000	8,191
1137,000	8,500
1138,000	8,845
1139,000	9,564
1140,000	10,327
1141,000	10,845
1142,000	10,609
1143,000	9,273
1144,000	6,964
1145,000	4,564
1146,000	2,500
1147,000	1,100
1148,000	0,573
1149,000	0,127
1150,000	0,036
1151,000	0,000
1152,000	0,000
1153,000	0,000
1154,000	0,000
1155,000	0,009
1156,000	0,045
1157,000	0,364
1158,000	0,718
1159,000	1,518
1160,000	3,227
1161,000	4,927
1162,000	6,482
1163,000	7,400
1164,000	8,282
1165,000	8,200
1166,000	8,455
1167,000	8,964
1168,000	9,200
1169,000	6,700
1170,000	4,118
1171,000	1,864
1172,000	1,155
1173,000	0,545
1174,000	0,409
1175,000	0,091
1176,000	0,000
1177,000	0,009
1178,000	0,000
1179,000	0,000
1180,000	0,000
1181,000	0,000
1182,000	0,009
1183,000	0,182
1184,000	0,200
1185,000	1,109
1186,000	2,664
1187,000	4,345
1188,000	6,045
1189,000	6,336
1190,000	6,600
1191,000	5,109
1192,000	3,055
1193,000	1,664
1194,000	0,891
1195,000	0,327
1196,000	0,191
1197,000	0,145
1198,000	0,236
1199,000	0,045
1200,000	0,055
1201,000	0,018
1202,000	0,000
1203,000	0,000
1204,000	0,000
1205,000	0,000
1206,000	0,000
1207,000	0,000
1208,000	0,118
1209,000	0,809
1210,000	1,382
1211,000	2,900
1212,000	4,373
1213,000	5,555
1214,000	6,491
1215,000	6,982
1216,000	5,855
1217,000	3,827
1218,000	1,909
1219,000	0,509
1220,000	0,336
1221,000	0,118
1222,000	0,055
1223,000	0,000
1224,000	0,000
1225,000	0,000
1226,000	0,000
1227,000	0,000
1228,000	0,000
1229,000	0,000
1230,000	0,000
1231,000	0,036
1232,000	0,082
1233,000	0,200
1234,000	0,127
1235,000	0,055
1236,000	0,336
1237,000	0,909
1238,000	1,955
1239,000	3,436
1240,000	4,427
1241,000	4,809
1242,000	4,236
1243,000	3,155
1244,000	2,109
1245,000	0,836
1246,000	0,309
1247,000	0,109
1248,000	0,000
1249,000	0,000
1250,000	0,209
1251,000	0,082
1252,000	0,000
1253,000	0,000
1254,000	0,127
1255,000	0,045
1256,000	0,064
1257,000	0,100
1258,000	0,136
1259,000	0,273
1260,000	0,218
1261,000	0,273
1262,000	0,127
1263,000	0,609
1264,000	1,427
1265,000	2,291
1266,000	3,564
1267,000	3,118
1268,000	3,627
1269,000	1,927
1270,000	1,436
1271,000	0,800
1272,000	0,427
1273,000	0,255
1274,000	0,182
1275,000	0,155
1276,000	0,164
1277,000	0,082
1278,000	0,327
1279,000	0,300
